-0.186278 6.48043 -1.62252 4.36945 1.82494 1.60637 1.57494 0.788432 0
5.16066 -11.9125 -2.16366 4.38371 1.86935 1.65808 4.68562 0.742195 0
-7.79296 -9.00092 -1.89825 4.22735 1.76761 1.52908 0.164262 0.714664 0
-1.81713 -5.50992 -1.95229 4.3891 1.85731 1.65169 1.0669 0.711284 0
9.44605 16.143 -1.44089 0.977931 0.798552 1.80423 3.34232 0.671748 8
-16.3101 -8.45006 -1.57966 4.61114 1.90353 1.63443 2.80311 0.65046 0
-16.5714 -10.9747 -1.59011 4.59577 1.9156 1.81477 2.94966 0.64573 0
-20.1493 -5.57605 -1.23012 4.39896 1.84605 1.56278 -0.0314292 0.551593 0
-20.511 -18.906 -1.66674 4.31741 1.90197 1.53584 0.029916 0.517669 0
-5.46813 -28.4724 -2.47228 4.49472 1.87573 1.60389 3.16993 0.424548 0
-0.294857 13.9005 -1.50534 4.58811 1.89361 1.68599 1.58179 0.408735 0
9.91387 16.8423 -1.44122 1.00032 0.804867 1.79453 3.25393 0.388231 8
-10.7873 -24.5228 -2.17406 4.63324 1.95225 1.78256 3.28958 0.382452 0
-25.3567 -21.2937 -1.19499 0.667973 0.676308 1.82061 1.49487 0.38039 8
-26.01 -21.9315 -1.14741 0.668181 0.679921 1.82861 1.36517 0.367243 8
-21.3203 -28.4974 -1.90462 4.30509 1.88607 1.61813 -0.0302459 0.358617 0
-21.2902 -35.6361 -2.26664 4.56907 1.99109 1.77033 0.00894344 0.352888 0
-10.1575 -31.6876 -2.42081 4.46016 1.94474 1.66863 3.23135 0.347242 0
-2.93598 21.8971 -1.24076 0.447755 0.465354 1.2458 -0.687283 0.346713 8
-5.38455 -26.9292 -2.39878 4.48721 1.86582 1.5876 3.00578 0.343773 0
-10.1585 -33.2839 -2.467 4.49311 1.94371 1.66818 3.2006 0.342111 0
-5.42875 -30.0323 -2.5398 4.48064 1.88076 1.62355 3.2305 0.34014 0
-22.0289 -30.0256 -1.99358 4.33072 1.89177 1.59909 -0.0103884 0.336363 0
-10.1658 -34.8646 -2.52039 4.50051 1.94226 1.65702 3.17948 0.327809 0
-21.2582 -34.0697 -2.19036 4.48727 1.96351 1.74614 0.0203714 0.316564 0
-10.7979 -29.2783 -2.31146 4.44298 1.94649 1.64248 3.24207 0.31071 0
-10.9235 -26.0365 -2.21943 4.62927 1.96429 1.75762 3.21542 0.303919 0
-5.34391 -31.6658 -2.59689 4.40604 1.86845 1.61762 3.2394 0.303408 0
-0.201243 21.1081 -1.38642 4.36644 1.82684 1.56604 1.51138 0.301935 0
-10.8434 -27.6975 -2.26235 4.45307 1.94598 1.67568 3.22277 0.286543 0
-10.2035 -36.4267 -2.57877 4.49895 1.93622 1.64707 3.16166 0.269098 0
-5.27367 -33.2404 -2.64179 4.29916 1.83378 1.61025 3.2499 0.266642 0
-21.2912 -37.2184 -2.35295 4.58134 1.98809 1.73228 -0.00251758 0.265827 0
4.51015 41.098 -1.00581 6.02961 2.36291 2.54379 -0.510013 0.26169 1
-2.85869 21.2936 -1.26188 0.481673 0.502286 1.3463 -0.670467 0.251391 8
-10.0722 -22.9323 -2.17549 4.63582 1.95309 1.7925 3.29753 0.248004 0
-5.22153 -37.2781 -2.72938 4.35925 1.88575 1.60282 3.33289 0.245598 0
-3.28112 22.5733 -1.1805 0.397314 0.402014 1.14185 -0.88651 0.243834 9
-5.32875 -45.2829 -2.87349 4.43584 1.92354 1.60724 3.3487 0.242638 0
-5.32232 -46.8778 -2.92813 4.43547 1.92781 1.62368 3.37462 0.23901 0
-21.2836 -32.5452 -2.11807 4.37697 1.91989 1.67404 0.0213456 0.238189 0
-5.21311 -38.8738 -2.75991 4.42286 1.91106 1.62283 3.30923 0.235336 0
-5.32192 -43.6876 -2.83519 4.43076 1.91914 1.60755 3.338 0.23341 0
-25.2095 -4.33233 -0.293636 0.57761 0.599334 1.60566 3.11468 0.232973 8
-5.23733 -35.6884 -2.69677 4.28244 1.83249 1.59107 3.31248 0.230133 0
-26.6108 -22.1172 -1.08745 0.686059 0.688802 1.8492 1.36547 0.22851 8
8.78664 15.4555 -1.43976 0.901304 0.774135 1.80994 3.295 0.224129 8
-5.32217 -48.4673 -2.98131 4.44199 1.93092 1.65434 3.3966 0.223714 0
-5.2792 -42.0833 -2.80861 4.43584 1.91837 1.6146 3.33615 0.223091 0
-5.22067 -40.4779 -2.78589 4.44398 1.92185 1.62313 3.32234 0.222951 0
1.07905 -50.1042 -3.09674 4.50232 1.90504 1.64734 1.52756 0.222948 0
-21.3028 -38.8229 -2.43732 4.56488 1.96846 1.68442 -0.0106654 0.220251 0
-25.9629 -4.37449 -0.208825 0.623026 0.627525 1.62058 3.08596 0.215904 8
4.49174 42.6119 -1.04471 7.19053 2.60268 2.97585 -0.519616 0.214129 1
-3.67771 -35.6946 -2.71569 2.47641 0.843377 1.52084 4.53401 0.209524 6
6.15713 12.4559 -1.39761 0.450031 0.415055 0.756757 3.91165 0.204521 9
-3.67601 -34.0777 -2.68891 2.39774 0.80789 1.52044 4.51224 0.204303 6
-24.4541 -4.32511 -0.390843 0.524988 0.552957 1.58026 3.12 0.198088 8
-10.73 -38.023 -2.61508 4.54298 1.94489 1.65806 3.12431 0.197338 0
-21.1995 -26.9752 -1.83183 4.32729 1.90323 1.64173 -0.0379354 0.195415 0
-5.33707 -50.0586 -3.02808 4.44756 1.92983 1.66205 3.51465 0.194609 0
-3.64638 -32.5057 -2.66283 2.39731 0.809123 1.52295 4.43533 0.191332 6
-5.31172 -51.6513 -3.06936 4.2326 1.8962 1.6377 3.82647 0.190572 0
-9.3179 -21.2863 -2.15128 4.67826 1.94248 1.78889 3.21578 0.186496 0
-5.2067 -25.4204 -2.3567 4.53414 1.87061 1.61681 2.68468 0.183216 0
-22.7524 -31.5915 -2.10535 4.35438 1.9032 1.59199 0.0212673 0.181608 0
-21.2706 -20.2159 -1.67416 4.38392 1.90755 1.56776 -0.0274187 0.178799 0
-3.69902 -37.2406 -2.74053 2.67056 0.931916 1.53069 4.55351 0.174146 6
-26.746 -4.46063 -0.149516 0.664381 0.653323 1.62693 3.07561 0.17061 8
4.53854 39.6264 -0.992887 5.41302 2.17475 2.18235 -0.503415 0.166598 1
-3.49849 45.8991 -0.610958 4.51634 1.94724 1.60464 -0.41987 0.162981 0
-3.03223 -32.4776 -2.69172 2.11132 0.715841 1.50225 4.69327 0.15784 6
-3.04594 -35.6916 -2.74077 2.07711 0.714555 1.48861 -1.55048 0.157454 6
-24.6698 -20.5521 -1.24261 0.684655 0.672644 1.76664 1.94958 0.15557 8
-10.7963 -39.6312 -2.66336 4.53032 1.93663 1.65796 3.10757 0.153741 0
-2.70566 44.3051 -0.6982 4.48644 1.92562 1.56391 -0.363331 0.153669 0
-22.0167 -40.3973 -2.49493 4.58563 1.9759 1.68561 -0.0262616 0.14831 0
-3.5276 47.4847 -0.551648 4.53011 1.95584 1.63818 -0.437812 0.148028 0
-21.2257 -25.288 -1.78011 4.41818 1.9297 1.66867 -0.046399 0.146617 0
-23.6848 -4.3155 -0.510763 0.496639 0.526241 1.56011 3.10185 0.146263 8
-3.03816 -34.0733 -2.71432 2.10609 0.716063 1.48863 -1.55961 0.146113 6
-3.05283 -37.2302 -2.76233 2.04943 0.714593 1.49755 -1.56521 0.139714 6
-20.4399 -21.9436 -1.72308 4.36153 1.90688 1.6481 -0.0631227 0.13539 0
-25.8163 -20.7441 -1.1214 0.682602 0.688994 1.8122 1.38895 0.133266 8
-27.5425 -4.53787 -0.108416 0.702839 0.676757 1.63216 3.09683 0.131466 8
-4.2687 49.0826 -0.484041 4.64382 1.9947 1.73957 -0.334315 0.12843 0
-0.317102 17.0302 -1.45504 4.5099 1.86595 1.65405 1.53163 0.128309 0
-2.98085 -30.9283 -2.67205 2.04972 0.697659 1.53158 4.67673 0.123535 6
-3.62385 -30.9479 -2.64034 2.40196 0.815993 1.53355 4.42469 0.12046 6
-10.8697 -41.2153 -2.7131 4.52157 1.92981 1.65836 3.07556 0.119637 0
-1.11435 29.1021 -1.33425 4.40837 1.85423 1.61601 4.09844 0.118331 0
4.49956 44.178 -1.02525 8.31723 2.7544 3.23688 -0.475858 0.11778 1
-2.77475 20.4821 -1.28958 0.529388 0.545018 1.48141 -0.687381 0.116826 8
-2.68461 42.7723 -0.762298 4.46865 1.91489 1.56602 -0.324633 0.116177 0
-2.12696 -1.15613 -1.75238 0.387707 0.397858 0.818781 1.72957 0.115022 9
-21.0911 37.1379 -0.354207 0.69426 0.695651 1.84942 2.94733 0.111166 8
1.21834 -46.9697 -2.98777 4.55008 1.92194 1.64934 1.52235 0.110979 0
-8.48596 -19.7816 -2.14033 4.69408 1.89156 1.7621 3.06034 0.107851 0
-21.288 -16.463 -1.57465 4.38142 1.94329 1.65658 3.0849 0.106461 0
-19.593 -17.5132 -1.6787 4.32548 1.91925 1.57384 0.0610455 0.105026 0
4.54957 47.5253 -0.824331 7.60038 2.69951 3.14788 -0.279453 0.102147 1
-17.8123 -9.23459 -1.5215 4.52739 1.94359 1.72253 2.80059 0.102017 0
-17.2734 -12.158 -1.5738 4.44831 1.91412 1.79839 3.1314 0.10091 0
-2.25925 21.8765 -1.30316 0.556124 0.610122 1.43355 -0.688097 0.100195 8
